Mean: 0.36437175
Std: 0.19517763