Mean: 0.9999778
Std: 6.125038e-06