Mean: 0.9999999
Std: 3.7992822e-06