Mean: 0.55965465
Std: 0.25230718