Mean: 0.9989034
Std: 0.0018286456