Mean: 0.15352696
Std: 0.21607721